95
1 2 26 4 10 1
2 1 28 5 1 1
3 3 31 2 6 3
4 3 34 10 3 3
5 3 35 9 4 1
6 2 36 10 3 1
7 2 45 4 6 1
8 1 46 5 9 1
9 2 52 4 5 1
10 3 52 1 1 3
11 1 54 6 8 1
12 3 68 8 8 1
13 3 76 2 1 1
14 2 79 6 5 2
15 1 79 8 3 1
16 3 81 7 7 2
17 2 85 5 3 2
18 1 86 4 10 1
19 3 87 1 9 1
20 3 88 3 1 3
21 2 90 3 7 2
22 2 91 8 2 2
23 1 101 7 7 2
24 2 116 3 4 3
25 2 121 5 3 3
26 2 121 1 7 3
27 2 138 2 10 3
28 1 146 6 3 3
29 3 153 6 4 1
30 1 153 9 1 3
31 1 154 1 5 3
32 3 155 10 2 1
33 1 170 10 2 1
34 3 171 2 10 3
35 3 173 7 5 2
36 1 197 8 6 1
37 2 203 1 8 2
38 2 207 8 1 1
39 3 210 2 1 2
40 3 220 6 3 2
41 2 223 10 5 2
42 1 226 10 10 1
43 3 231 4 7 1
44 3 232 6 2 3
45 1 239 2 2 3
46 1 241 9 3 2
47 1 243 9 1 1
48 3 248 8 4 3
49 2 260 4 2 1
50 2 265 8 6 2
51 1 274 4 1 2
52 2 282 1 9 1
53 3 282 5 6 1
54 3 289 8 10 3
55 2 293 8 8 1
56 3 294 4 4 1
57 3 309 3 8 1
58 2 312 1 4 1
59 3 318 9 9 1
60 3 320 9 1 3
61 1 325 8 3 1
62 2 326 4 1 2
63 2 330 4 5 3
64 2 340 2 8 1
65 1 348 6 8 2
66 1 357 4 2 3
67 3 364 4 3 2
68 1 377 1 3 2
69 3 379 4 8 1
70 3 391 5 10 2
71 2 393 9 2 2
72 1 393 6 4 3
73 1 399 7 7 3
74 3 406 9 10 3
75 2 407 10 1 1
76 3 417 1 4 2
77 3 420 8 3 3
78 1 425 1 10 3
79 3 428 9 8 1
80 3 435 8 9 3
81 2 436 2 6 1
82 3 438 10 5 3
83 3 449 1 8 3
84 1 456 10 8 1
85 3 461 8 9 3
86 2 463 4 7 1
87 1 465 8 2 1
88 2 466 6 8 1
89 1 470 3 6 2
90 2 471 10 7 1
91 1 475 8 2 3
92 1 479 4 10 3
93 1 498 1 10 2
94 3 498 7 8 2
95 3 500 5 3 2
