28
22 8 9632 9 6 2
16 1 4378 3 7 1
17 9 3906 6 6 3
4 6 5979 1 4 2
20 9 9418 5 9 3
7 8 4934 8 6 1
5 2 9801 3 6 3
2 4 7158 8 2 1
13 10 2356 1 3 2
8 2 8852 2 2 3
24 10 142 6 7 2
18 10 6023 2 6 1
1 9 9833 2 3 3
25 2 2134 9 9 2
27 10 9439 3 10 1
12 7 9696 10 6 3
28 1 8306 5 1 3
3 8 1126 4 1 1
9 4 5673 5 6 3
23 5 6146 8 10 2
11 1 3005 4 7 3
10 2 1023 6 9 3
6 2 5882 4 6 3
19 9 6839 4 3 2
14 3 2365 10 8 1
21 2 2044 1 3 3
26 9 3259 3 8 1
15 4 3932 1 5 3
11
8 6 2203 4 2 1
11 3 7266 1 1 1
2 6 1585 10 1 1
4 3 3039 6 2 1
3 4 9897 6 1 2
6 6 3353 9 2 3
7 7 4641 6 1 3
10 2 3676 5 3 2
5 2 2668 4 1 2
9 8 9598 1 1 3
1 2 5217 7 3 3
